CT 1 10.1 411291.98 0.15 4154.048998 1.3 0.05 0   
MA 1 9.4 749295.69 0.75 7043.379486 6 0.05 0        
NH 1 10.9 140153.475 0.2 1527.672878 7 0.05 0        
NY 1 14.6 2270708.235 0.475 33152.34023 10.5 0.05 0       
PA 1 17.7 1470186.105 0.175 26022.29406 11.1 0.05 0       
DE 2 18.1 109487.475 1.05 1981.723298 17.2 0.05 0        
ME 2 15.4 139805.295 0.025 2153.001543 19.5 0.06 0       
NJ 2 12.1 1028613.935 0.425 12446.22861 24.3 0.06 0       
OR 2 19 470748.475 0.9 8944.221025 25.4 0.06 0        
RI 2 14.3 110924.73 0.05 1586.223639 35.3 0.06 0        
CA 3 19 4906252.125 1.05 93218.79038 35.4 0.06 0        
HI 3 20.6 164284.055 1.1 3384.251533 40.9 0.06 0        
MD 3 17 721973.64 0.875 12273.55188 43.1 0.06 0       
VT 3 11.6 65582.37 0.025 760.755492 50.8 0.06 0       
CO 4 19.3 664865.4 1.625 12831.90222 55.3 0.07 0       
VA 4 17.1 1051476 1.025 17980.2396 56.1 0.07 0        
IA 5 18.6 376163.16 0.5 6996.634776 56.9 0.07 0        
NV 5 27.6 367507.25 1.275 10143.2001 58.3 0.07 0      
AK 6 29.3 103865.16 0.925 3043.249188 63.7 0.07 0       
ID 6 22.5 235639.6 1.075 5301.891  68 0.07 0        
KS 6 25.5 392484.015 0.45 10008.34238 68.1 0.07 0       
NB 6 22 257460.66 0.75 5664.13452 77.1 0.07 0        
SD 6 26.4 116836.29 1.2 3084.478056 87.9 0.07 0       
WY 6 29.2 79042.635 0.9 2308.044942 95.4 0.08 0       
KY 7 32.4 554621.75 0.425 17969.7447 101.2 0.08 0       
MT 7 25.3 119889.8 0.875 3033.21194 104.9 0.08 0       
ND 7 22.2 94744 2.475 2103.3168 106 0.08 0        
GA 8 25.6 1340348.23 1.05 34312.91469 107.1 0.08 0      
MS 8 34.8 388534.38 0.225 13520.99642 111.3 0.08 0       
OH 8 23.2 1393724.76 0.125 32334.41443 147.8 0.08 0       
TN 8 30.5 764887.31 0.8 23329.06296 157.5 0.09 0       
AL 9 30.1 583596 0.35 17566.2396 158.8 0.09 0       
IL 9 21.1 1536184.68 0.1 32413.49675 173.7 0.09 0       
AZ 10 26.3 866383.875 1.325 22785.89591 175 0.09 0      
AR 10 38 373531 0.425 14194.178 183.4 0.09 0       
IN 10 26 862296.89 0.425 22419.71914 202.6 0.1 0       
LA 10 34.1 608616.58 0.65 20753.82538 209.2 0.1 0        
MO 10 25 761625 0.3 19040.625 218.6 0.1 0       
OK 10 34.8 510062.93 0.85 17750.18996 232 0.11 0        
TX 10 34.6 3900763.44 1.8 134966.415 246.1 0.11 0     
FL 10 20.8 2267368.29 1.45 47161.26043 283.2 0.11 1       
MI 10 19.4 1141754.5 0.075 22150.0373 285.5 0.11 1       
WI 10 16.2 693444.96 0.3 11233.80835 364.6 0.11 1       
NC 2 23.6 1217614.56 1.075 28735.70362 417 0.12 1        
SC 2 26.2 595334.28 1.125 15597.75814 475.1 0.12 1       
NM 3 34.6 270531.95 0.325 9360.40547 610.8 0.12 1       
WV 3 31.9 201421.22 -0.025 6425.336918 742.6 0.12 1       
MN 7 13.7 689994 0.725 9452.9178 858 0.12 1       
UT 8 17.6 472938.635 1.625 8323.719976 1017.1 0.14 1        
WA 9 17.6 874560 1.25 15392.256 1210.10 0.15 1       