0
1
2
3
4
5
6
7
8
9
10
11
12
13
14
15
16
17
18
19
20
21
22
23
24
25
26
27
28
29

13520.99642
13551.418661954
13581.9093539524
13612.468650007793
13643.096704479312
13673.793672073389
13704.559707844555
13735.394967196207
13766.299605881402
13797.273780003636
13828.317646017644
13859.431360730185
13890.61508130083
13921.868965242758
13953.193170423558
13984.587855066009
14016.053177748909
14047.589297407847
14079.196373336015
14110.874565185022
14142.62403296569
14174.444937048862
14206.337438166223
14238.301697411098
14270.337876239275
14302.446136469813
14334.626640285873
14366.879550235517
14399.20502923255
14431.603240557324

13520.99642
13551.418661954
13581.9093539524
13612.468650007793
13628.379132868793
13644.325414316232
13660.307574896926
13676.325695338928
13692.379856551923
13708.470139627647
13724.596625840293
13740.759396646918
13756.958533687855
13773.194118787136
13789.46623395289
13805.774961377767
13822.120383439351
13838.502582700574
13854.921641910132
13871.377644002912
13887.870672100404
13904.400809511111
13920.968139730994
13937.572746443873
13954.214713521853
13970.894125025761
13987.611065205552
14004.365618500748
14021.157869540857
14037.987903145808
